0,006000810050080270800260030010009000000000900000406003002000007000002406600007500
1,000004608094000000100960000001000000029018030000009000060080019008093007900400000,235174698694832175187965324351746982729518436846329751463287519518693247972451863,25
1,006005000351007042000000005000520000000700520500000090040050000005074010020000750,276145389351897642489236175718529436694783521532461897147352968865974213923618754,25
0,080000013040090070000821000010000000000413020070900085100084000300000009090000030
1,000000001000405060000080430950200004040063020030050000012000950005047000003000000,564372891381495762729681435956218374147963528238754619412836957695147283873529146,25
0,680010300021080000730000000000890010160000200000400000000000150010364000000108090
1,030000004105004060000001000006080100403010006000500480810000070000846001000100000,237658914195234768648791253576482139483917526921563487814329675752846391369175842,25
0,030000000580167300006000704000020007050000016003780000000000270100003500900006000
1,800500603000000000605340000031080500080000001000035800050800000048000900009000480,812579643374268159695341278431986527586427391927135864253894716748612935169753482,25
0,700000620000009000092070000200700040000042000000038076030050097870400060060000000
1,500000000014000060006012000000100000060070800901050000002630008007501200009000630,523468791814795362796312584348126957265974813971853426452639178637581249189247635,25
0,009000080060000503000030904600000000100709060090310000915000000000268000003090100
0,000760900000400020000050030500000000900620000200000097109000060700032108002041000
0,000850004603900708781000000008306057006000000072000000000010400100000080067000000
0,000002937007000500530009006023800600090000000000096300900008003860000010000500000
